# Non-trivial zeros of the Riemann zeta function on the critical line
# Format: t (where s = 1/2 + i t), first 2000 zeros, ascending
# Source: Andrew Odlyzko official table (zeros6), via ab-cloud-research/verification/data
# https://www-users.cse.umn.edu/~odlyzko/zeta_tables/zeros6
# Reproduces verification/data/zeta_zeros_50000.txt of the parent repository
14.134725142
21.022039639
25.010857580
30.424876126
32.935061588
37.586178159
40.918719012
43.327073281
48.005150881
49.773832478
52.970321478
56.446247697
59.347044003
60.831778525
65.112544048
67.079810529
69.546401711
72.067157674
75.704690699
77.144840069
79.337375020
82.910380854
84.735492981
87.425274613
88.809111208
92.491899271
94.651344041
95.870634228
98.831194218
101.317851006
103.725538040
105.446623052
107.168611184
111.029535543
111.874659177
114.320220915
116.226680321
118.790782866
121.370125002
122.946829294
124.256818554
127.516683880
129.578704200
131.087688531
133.497737203
134.756509753
138.116042055
139.736208952
141.123707404
143.111845808
146.000982487
147.422765343
150.053520421
150.925257612
153.024693811
156.112909294
157.597591818
158.849988171
161.188964138
163.030709687
165.537069188
167.184439978
169.094515416
169.911976479
173.411536520
174.754191523
176.441434298
178.377407776
179.916484020
182.207078484
184.874467848
185.598783678
187.228922584
189.416158656
192.026656361
193.079726604
195.265396680
196.876481841
198.015309676
201.264751944
202.493594514
204.189671803
205.394697202
207.906258888
209.576509717
211.690862595
213.347919360
214.547044783
216.169538508
219.067596349
220.714918839
221.430705555
224.007000255
224.983324670
227.421444280
229.337413306
231.250188700
231.987235253
233.693404179
236.524229666
237.769820481
239.555477573
241.049157796
242.823271934
244.070898497
247.136990075
248.101990060
249.573689645
251.014947795
253.069986748
255.306256455
256.380713694
258.610439492
259.874406990
260.805084505
263.573893905
265.557851839
266.614973782
267.921915083
269.970449024
271.494055642
273.459609188
275.587492649
276.452049503
278.250743530
279.229250928
282.465114765
283.211185733
284.835963981
286.667445363
287.911920501
289.579854929
291.846291329
293.558434139
294.965369619
295.573254879
297.979277062
299.840326054
301.649325462
302.696749590
304.864371341
305.728912602
307.219496128
310.109463147
311.165141530
312.427801181
313.985285731
315.475616089
317.734805942
318.853104256
321.160134309
322.144558672
323.466969558
324.862866052
327.443901262
329.033071680
329.953239728
331.474467583
333.645378525
334.211354833
336.841850428
338.339992851
339.858216725
341.042261111
342.054877510
344.661702940
346.347870566
347.272677584
349.316260871
350.408419349
351.878649025
353.488900489
356.017574977
357.151302252
357.952685102
359.743754953
361.289361696
363.331330579
364.736024114
366.212710288
367.993575482
368.968438096
370.050919212
373.061928372
373.864873911
375.825912767
376.324092231
378.436680250
379.872975347
381.484468617
383.443529450
384.956116815
385.861300846
387.222890222
388.846128354
391.456083564
392.245083340
393.427743844
395.582870011
396.381854223
397.918736210
399.985119876
401.839228601
402.861917764
404.236441800
405.134387460
407.581460387
408.947245502
410.513869193
411.972267804
413.262736070
415.018809755
415.455214996
418.387705790
419.861364818
420.643827625
422.076710059
423.716579627
425.069882494
427.208825084
428.127914077
430.328745431
431.301306931
432.138641735
433.889218481
436.161006433
437.581698168
438.621738656
439.918442214
441.683199201
442.904546303
444.319336278
446.860622696
447.441704194
449.148545685
450.126945780
451.403308445
453.986737807
454.974683769
456.328426689
457.903893064
459.513415281
460.087944422
462.065367275
464.057286911
465.671539211
466.570286931
467.439046210
469.536004559
470.773655478
472.799174662
473.835232345
475.600339369
476.769015237
478.075263767
478.942181535
481.830339376
482.834782791
483.851427212
485.539148129
486.528718262
488.380567090
489.661761578
491.398821594
493.314441582
493.957997805
495.358828822
496.429696216
498.580782430
500.309084942
501.604446965
502.276270327
504.499773313
505.415231742
506.464152710
508.800700336
510.264227944
511.562289700
512.623144531
513.668985555
515.435057167
517.589668572
518.234223148
520.106310412
521.525193449
522.456696178
523.960530892
525.077385687
527.903641601
528.406213852
529.806226319
530.866917884
532.688183028
533.779630754
535.664314076
537.069759083
538.428526176
540.213166376
540.631390247
541.847437121
544.323890101
545.636833249
547.010912058
547.931613364
549.497567563
550.970010039
552.049572201
553.764972119
555.792020562
556.899476407
557.564659172
559.316237029
560.240807497
562.559207616
564.160879111
564.506055938
566.698787683
567.731757901
568.923955180
570.051114782
572.419984132
573.614610527
575.093886014
575.807247141
577.039003472
579.098834672
580.136959362
581.946576266
583.236088219
584.561705903
585.984563205
586.742771891
588.139663266
590.660397517
591.725858065
592.571358300
593.974714682
595.728153697
596.362768328
598.493077346
599.545640364
601.602136736
602.579167886
603.625618904
604.616218494
606.383460422
608.413217311
609.389575155
610.839162938
611.774209621
613.599778676
614.646237872
615.538563369
618.112831366
619.184482598
620.272893672
621.709294528
622.375002740
624.269900018
626.019283428
627.268396851
628.325862359
630.473887438
630.805780927
632.225141167
633.546858252
635.523800311
637.397193160
637.925513981
638.927938267
640.694794669
641.945499666
643.278883781
644.990578230
646.348191596
647.761753004
648.786400889
650.197519345
650.668683891
653.649571605
654.301920586
655.709463022
656.964084599
658.175614419
659.663845973
660.716732595
662.296586431
664.244604652
665.342763096
666.515147704
667.148494895
668.975848820
670.323585206
672.458183584
673.043578286
674.355897810
676.139674364
677.230180669
677.800444746
679.742197883
681.894991533
682.602735020
684.013549814
684.972629862
686.163223588
687.961543185
689.368941362
690.474735032
692.451684416
693.176970061
694.533908700
695.726335921
696.626069900
699.132095476
700.296739132
701.301742955
702.227343146
704.033839296
705.125813955
706.184654800
708.269070885
709.229588570
711.130274180
711.900289914
712.749383470
714.082771821
716.112396454
717.482569703
718.742786545
719.697100988
721.351162219
722.277504976
723.845821045
724.562613890
727.056403230
728.405481589
728.758749796
730.416482123
731.417354919
732.818052714
734.789643252
735.765459209
737.052928912
738.580421171
739.909523674
740.573807447
741.757335573
743.895013142
745.344989551
746.499305899
747.674563624
748.242754465
750.655950362
750.966381067
752.887621567
754.322370472
755.839308976
756.768248440
758.101729246
758.900238225
760.282366984
762.700033250
763.593066173
764.307522724
766.087540100
767.218472156
768.281461807
769.693407253
771.070839314
772.961617566
774.117744628
775.047847097
775.999711963
777.299748530
779.157076949
780.348925004
782.137664391
782.597943946
784.288822612
785.739089701
786.461147451
787.468463816
790.059092364
790.831620468
792.427707609
792.888652563
794.483791870
795.606596156
797.263470038
798.707570166
799.654336211
801.604246463
802.541984878
803.243096204
804.762239113
805.861635667
808.151814936
809.197783363
810.081804886
811.184358847
812.771108389
814.045913608
814.870539626
816.727737714
818.380668866
819.204642171
820.721898444
821.713454133
822.197757493
824.526293872
826.039287377
826.905810954
828.340174300
829.437010968
830.895884053
831.799777659
833.003640909
834.651915148
836.693576188
837.347335060
838.249021993
839.465394810
841.036389829
842.041354207
844.166196607
844.805993976
846.194769928
847.971717640
848.489281181
849.862274349
850.645448466
853.163112583
854.095511720
855.286710244
856.484117491
857.310740603
858.904026466
860.410670896
861.171098213
863.189719772
864.340823930
865.594664327
866.423739904
867.693122612
868.670494229
870.846902326
872.188750822
873.098978971
873.908389235
875.985285109
876.600825833
877.654698341
879.380951970
880.834648848
882.386696627
883.430331839
884.198743115
885.272304480
886.852801963
888.475566674
889.735294294
890.813132113
892.386433260
893.119117567
894.886292321
895.397919675
896.632251556
899.221522668
899.858884608
900.849739861
902.243207587
903.099674443
904.702902722
905.829940758
907.656729469
908.333543645
910.186334057
911.234951486
912.331045600
912.823999247
914.730096958
916.355000809
917.825377570
918.836535244
919.448344440
921.156395507
922.500629307
923.285719802
924.773483933
926.551552785
927.850858986
928.663659329
929.874092851
931.009211337
931.852740746
934.385306837
934.995424864
936.228649379
937.532925712
939.024300899
939.660940615
941.156999642
942.052341643
944.188035810
945.333562503
946.765842205
947.079183096
948.346646255
950.151612685
951.033248734
952.727988620
954.129719270
954.829308938
956.675479343
957.510052596
958.414593390
959.459168807
961.669572474
963.182086671
963.567040192
965.055579624
966.110754818
967.371153766
968.636301906
970.125610557
971.071491486
973.185361294
973.873078993
974.774635066
976.178502421
976.917202117
978.766671535
980.578000640
981.288615302
982.396485169
983.575076006
985.186928656
986.130515110
986.756008408
988.992622371
990.223917804
991.374294148
992.728696337
993.214580957
994.404590571
996.205336164
997.511934752
998.827547137
999.791571557
1001.349482638
1002.404305488
1003.267808179
1004.675044121
1005.543420304
1008.006704307
1008.795709901
1009.806590747
1010.569757011
1012.410042516
1013.058638098
1014.689632622
1016.060178943
1017.266402364
1018.605572519
1019.912439744
1020.917475017
1021.544344500
1022.885270912
1025.265724198
1025.707944371
1027.467693516
1028.128964255
1029.227297444
1030.897368791
1031.833180297
1032.812883035
1034.612915530
1036.195917358
1037.024707646
1038.087752241
1039.077401437
1040.264037938
1041.621528015
1043.623954350
1044.514975829
1045.107042353
1047.089817484
1047.987147490
1048.953785195
1049.996284257
1051.576571843
1053.245785158
1054.781039478
1055.002146476
1056.688847364
1057.100043660
1059.133769107
1060.139518562
1061.501304465
1062.915381508
1064.071551072
1065.121855106
1066.463223469
1067.418860121
1067.990000079
1070.535041997
1071.618623215
1072.543998011
1073.570353165
1074.747771044
1076.266625594
1076.924056066
1078.647198481
1079.809965429
1081.171002343
1082.952749723
1083.295466514
1084.183264310
1085.647831209
1086.911998990
1088.755724675
1089.795337924
1090.863191026
1091.728472967
1093.440873272
1094.284457524
1095.433084759
1096.401917795
1098.841015467
1099.360667179
1100.574460622
1101.839111169
1102.551779900
1103.732297175
1105.617188831
1106.774371676
1107.774531955
1109.158918857
1110.444142994
1111.443504765
1112.432995408
1113.397595115
1115.065359462
1116.787253881
1117.965919669
1118.684134861
1119.473247426
1121.155937676
1122.458621357
1123.101117388
1125.314729398
1125.763442429
1127.658023527
1128.430224614
1129.728996777
1130.391597896
1131.495085562
1133.708625669
1134.885654592
1135.562213975
1136.929293481
1138.151589780
1138.992341820
1140.721848172
1141.261022964
1142.858659608
1144.782299519
1145.485327517
1146.576814925
1147.501776523
1148.615277209
1149.982601028
1151.562814724
1152.943128531
1153.890303716
1154.697519535
1156.621567834
1157.432314576
1158.001609027
1159.480657019
1161.396644634
1162.487528602
1163.701031683
1164.737586351
1165.271227706
1166.943613410
1168.086271610
1169.698356885
1170.463638578
1172.120681866
1173.305687764
1174.232766856
1175.215452396
1176.632875810
1177.106304422
1179.701223502
1180.653543787
1181.267318152
1182.582270347
1183.712775296
1185.155842847
1185.875358695
1187.345161493
1188.856444298
1189.963636498
1191.482605926
1192.218611478
1193.324021427
1193.857427135
1196.034671749
1197.071786659
1198.686569105
1199.356513708
1200.532692031
1201.810334857
1203.137350861
1203.855247594
1204.985492171
1206.870499794
1208.471459950
1208.989484168
1209.898030088
1211.416115893
1212.113153066
1213.598372680
1215.389975065
1216.183722033
1217.174482498
1219.050028177
1219.614471311
1220.816347691
1221.692242483
1222.952484095
1225.018330024
1225.855020761
1227.231827641
1227.917141614
1228.793154363
1230.584603154
1231.562273878
1232.529587041
1234.277816653
1235.502548527
1236.399017466
1237.977298514
1238.457232796
1239.490807147
1240.813471785
1243.078076398
1243.538146526
1244.851433967
1245.655866188
1247.372561970
1248.063061053
1249.159887953
1250.672397276
1251.659832004
1253.673577852
1254.431328422
1255.408230645
1256.181214198
1257.541219413
1258.779233489
1260.344548316
1261.611717161
1262.556614000
1263.676732844
1264.957223007
1266.179037761
1267.200345612
1267.570571779
1270.118921886
1271.134299632
1272.083959599
1273.261144633
1274.196220889
1275.092030316
1276.842171556
1277.763091986
1279.332843317
1280.155794409
1281.828726960
1283.000491387
1283.335032139
1284.854795155
1285.695023331
1287.410026617
1289.165351533
1290.104771520
1290.417708073
1291.945870968
1293.493981557
1294.118474378
1295.365363505
1296.801110992
1298.256527068
1299.405171251
1300.490018982
1301.495516681
1302.346742379
1303.273200229
1305.401672188
1306.508393313
1307.267242108
1308.988196518
1309.421532493
1311.056570511
1311.966940608
1313.031599369
1314.052565652
1316.212112603
1317.072986035
1318.171279132
1318.947880597
1319.931082878
1321.628138552
1322.258067123
1324.224978719
1325.237624359
1325.981969630
1327.635281108
1329.043517997
1329.205018785
1330.429937120
1331.827591385
1333.673522610
1334.747329052
1335.694974526
1336.690184653
1337.688791810
1338.923164599
1340.426400457
1341.166272253
1342.608507884
1344.156044004
1345.477106261
1345.731413255
1347.519471751
1348.017238019
1349.085194014
1351.296206374
1352.210465159
1353.483338358
1353.886781972
1355.680595321
1356.605655710
1357.771742829
1358.460160399
1360.393144762
1361.393074714
1363.022328603
1363.879190797
1364.576584897
1365.493733551
1367.104090970
1368.330193308
1369.686949077
1370.973522768
1371.686553553
1373.202914562
1374.154798659
1375.302392345
1376.161779994
1377.177633642
1379.683283029
1380.148578442
1381.073977149
1382.345662978
1383.297591008
1384.444415848
1385.663777011
1387.326647663
1387.921454127
1389.565831798
1390.705490286
1391.853200443
1392.644027789
1393.433401741
1394.884184676
1396.544163124
1397.834623321
1398.837675201
1399.839472941
1400.426946297
1402.564347250
1402.973747641
1404.006292171
1405.666975059
1407.085142776
1408.136307496
1409.320681080
1410.024810726
1411.257056816
1411.965653462
1413.843148789
1415.585784795
1415.781581303
1417.102822934
1418.696963852
1419.422480946
1420.416526324
1421.850567187
1422.461310988
1424.463045670
1425.873469245
1426.645979682
1427.365671109
1428.592305876
1429.650477276
1431.218313673
1432.049740893
1433.821940737
1434.584942168
1435.692907383
1437.226721624
1438.006284842
1438.949552747
1439.622793078
1441.960987505
1442.911059581
1444.041930706
1445.072278459
1445.830084780
1447.226227100
1448.323853516
1449.488771281
1450.773561858
1451.835297999
1453.737596757
1454.226011260
1455.312091240
1456.167797608
1457.539001668
1458.393777369
1460.688270535
1461.245443345
1462.266123266
1463.286891190
1464.696903298
1465.889557614
1466.505621108
1467.703989586
1469.347649878
1470.966589127
1471.388764527
1473.020132324
1473.745649186
1474.203221566
1476.092127038
1477.435191148
1478.441395973
1479.759918706
1480.766879018
1481.964684210
1483.032959958
1484.143580882
1484.817883231
1486.171349028
1488.116337976
1489.252466946
1489.970892205
1490.670693815
1492.180090544
1493.330835421
1494.155368614
1495.768832979
1497.065505572
1497.747360933
1499.640824747
1500.351951517
1501.119324922
1502.346063292
1503.090933127
1505.261529655
1506.152986138
1507.407505164
1508.253031030
1509.280419363
1510.391797446
1511.923005459
1512.589764705
1513.589765540
1515.708343587
1516.435989719
1517.719806254
1518.414791487
1519.741009494
1520.273622220
1521.901909065
1523.486047149
1524.724892161
1525.227837234
1526.552311910
1528.040930429
1529.034456729
1529.369975365
1531.020742970
1532.222326939
1533.886977913
1535.042277471
1535.769502395
1536.620701824
1537.651062168
1539.302854856
1540.030270140
1541.742248763
1542.496522923
1544.118670055
1544.834608228
1546.091197786
1547.297581121
1547.806563802
1548.871348179
1551.273845326
1552.006872838
1552.736105330
1554.156519110
1554.921285165
1556.162987498
1557.394507018
1558.339152852
1559.781154391
1560.876475778
1562.410153180
1563.385400958
1564.177940460
1564.915788262
1566.266415602
1567.623450717
1569.022477804
1570.509277867
1571.045381486
1571.845352088
1573.806563330
1574.230915430
1575.638154952
1576.161352363
1578.118826946
1579.514055068
1580.372081625
1581.363551773
1582.329486944
1583.394693435
1584.234848066
1586.293210750
1587.004342107
1588.163404029
1589.357945950
1590.835904321
1591.293884374
1592.637167039
1593.584808189
1594.442689656
1596.484492410
1597.715895944
1598.420798550
1599.619348950
1600.048044903
1601.911946229
1602.815404794
1603.655202996
1605.521646647
1606.293418127
1607.556905212
1608.836295305
1610.003264190
1610.253823163
1611.437141270
1613.078855451
1614.710627852
1615.574608719
1616.398394842
1617.734684841
1618.537517832
1619.952501261
1620.774310821
1622.098751698
1622.977767699
1625.021856658
1625.987020164
1626.399919312
1627.755441276
1628.715316857
1629.658668955
1631.194814552
1632.798183571
1633.512516890
1634.516822662
1635.718366326
1637.089190173
1637.994643586
1638.599658304
1639.821235730
1641.899819009
1642.489779822
1644.152065960
1644.713745775
1645.573760363
1646.624866593
1648.270598223
1649.118535409
1650.416988983
1651.732693341
1652.671065900
1654.205896759
1654.726652393
1655.822775677
1657.114236400
1657.567101179
1660.019980338
1660.860056833
1661.836892884
1662.377202549
1664.057265418
1664.968004486
1665.877640414
1667.241125052
1668.368229327
1669.669728452
1671.047182433
1671.984259334
1672.963370831
1673.687445334
1674.648462097
1676.362486324
1677.691227142
1678.630368091
1680.077946717
1680.504770113
1681.812320174
1683.273289261
1684.171656837
1684.558863253
1686.421121948
1688.080142693
1688.933868510
1689.703154256
1691.051559917
1691.515192892
1693.053020930
1694.017564653
1695.832554474
1696.654997440
1697.342514287
1699.229547188
1699.966817267
1700.820303245
1701.825550997
1702.923249764
1704.291412427
1706.256032432
1706.615665035
1707.912312493
1708.512116178
1709.780842299
1711.137603259
1712.155397654
1713.055341728
1714.717145255
1715.825283040
1716.769983717
1717.974485066
1718.954152499
1719.724469322
1720.498070948
1722.844661740
1723.532822631
1724.733958738
1725.638628020
1726.605700740
1728.166506761
1728.644486480
1730.023872545
1731.014193762
1732.430169859
1733.840825021
1735.175466021
1735.624715343
1736.305662733
1737.893884787
1738.783237589
1740.169115680
1741.779167809
1742.467680721
1743.426436859
1744.721511938
1746.097498596
1746.595456627
1747.781695528
1748.563987381
1750.822818490
1751.617794946
1752.511511141
1753.661355243
1754.763369874
1755.169694068
1757.046518461
1757.984077033
1759.240085647
1760.215166243
1761.854899939
1762.497688871
1763.719121496
1764.591476849
1765.400493992
1766.676243599
1768.295971136
1769.940952052
1770.243677312
1771.212944984
1772.328000364
1773.894915511
1774.660430990
1775.341987574
1777.255860224
1778.041734762
1779.552270809
1780.665228493
1781.355637723
1782.439067320
1783.084829520
1784.607946397
1786.342201179
1787.049273087
1788.215123480
1789.242179964
1790.449562370
1791.254409819
1792.616102735
1793.525390652
1794.178482007
1796.465140537
1797.376335671
1798.147067458
1799.231647210
1800.024724020
1801.309636945
1802.301283491
1803.796843813
1804.904160975
1806.289667019
1806.578391751
1808.714431865
1809.119273788
1810.108892988
1810.873719159
1812.420077002
1814.024140348
1814.973082363
1816.338611220
1816.758023365
1817.710608563
1819.260334099
1820.187882187
1821.305708365
1822.427671440
1823.766265896
1825.213676893
1825.915683615
1826.795455271
1828.211270500
1828.621091758
1829.832529710
1831.936379902
1832.984940244
1833.273239033
1834.721559749
1835.883754438
1836.827672516
1838.086943306
1838.640288708
1840.195563473
1841.478582571
1842.875955279
1843.771057743
1844.759043650
1845.417534146
1846.353253421
1848.330980622
1848.722760911
1850.601184048
1851.400361995
1852.342204733
1853.519342921
1854.855632116
1855.592934937
1856.389179154
1857.498074815
1859.495271569
1860.541388109
1861.379671547
1862.121464929
1863.425464845
1864.353981336
1865.367433794
1866.836547019
1868.085190999
1868.706745684
1870.421471768
1871.416043098
1872.441566428
1872.865667638
1874.508361413
1874.913774010
1877.095064167
1878.022251483
1879.153303090
1880.082325419
1880.611766480
1882.321974797
1883.408724270
1884.005778350
1885.198075130
1887.053894807
1887.808841417
1888.938182637
1890.348128614
1890.612128588
1891.678510540
1892.867701336
1894.558537572
1895.697155654
1896.585494347
1897.513692860
1898.829372819
1900.006144829
1900.571884272
1901.891305751
1902.805059207
1904.089325323
1906.102756198
1906.597678004
1907.332780124
1908.433063045
1909.465930026
1910.733659616
1911.704690943
1913.182489776
1914.352300052
1915.054629333
1916.606371840
1917.344704042
1918.786498910
1919.207778398
1919.937457371
1922.101625622
1923.280837936
1924.055831101
1925.231987975
1926.211583080
1926.820092795
1928.417518550
1929.487560181
1930.258387180
1931.760069437
1932.875754550
1934.416436369
1934.907943434
1935.924848804
1936.873093814
1937.968633498
1939.050029151
1940.977326706
1941.822862216
1942.633568692
1943.367947449
1945.153796306
1945.922716949
1946.609945362
1947.917047738
1949.030030074
1950.743201553
1951.536695873
1952.850129212
1953.448556325
1954.418588175
1955.315809284
1956.848164578
1958.314403555
1958.851883463
1960.418845269
1961.359277880
1962.233571849
1963.621184573
1964.357390938
1965.377829505
1966.117658574
1968.471602019
1969.047617547
1970.305009517
1970.855547580
1971.970312805
1973.182663406
1974.347201910
1975.080610302
1977.173943698
1977.271446200
1978.801448168
1980.371772287
1980.910043091
1981.748768897
1982.663279195
1983.923804622
1985.416540175
1986.757107716
1987.873473361
1988.251876807
1989.702002708
1990.478352526
1992.001706394
1992.784987875
1993.577493138
1995.168739612
1996.796176966
1997.390914060
1998.279006926
1999.545764176
2000.434515302
2000.929620689
2002.896408374
2004.139669233
2005.077848124
2005.900934886
2007.125180170
2008.418240330
2009.176634123
2010.153324768
2011.020705074
2012.538935477
2013.872097714
2015.186728609
2016.029638032
2016.800075656
2017.386767252
2019.264600216
2019.884367140
2021.196042769
2022.545617685
2023.572911777
2024.488262158
2025.878906202
2026.738258912
2027.573317056
2028.582459354
2029.385479551
2031.750550691
2032.420780856
2033.017892746
2034.554828789
2035.077440096
2036.527526483
2037.217111094
2038.841738251
2039.443218740
2040.839119673
2042.344586251
2043.217116563
2044.121593292
2045.037320860
2045.802760432
2047.098336346
2048.454094066
2049.847525606
2050.906055385
2051.718388196
2052.407790192
2054.059916898
2055.180267326
2055.572602899
2056.620866690
2058.450651119
2059.448021744
2060.868247208
2061.367059202
2062.572650920
2063.283559498
2064.304867700
2065.832672282
2066.985229378
2068.345638527
2068.669941083
2070.504717593
2071.377083170
2071.990454815
2073.397603716
2074.171064902
2075.028065545
2077.117570137
2078.155484639
2078.939288115
2079.567628462
2080.910343458
2081.799686564
2083.300276859
2083.779992550
2085.389813692
2086.580318534
2087.473340988
2088.712281199
2090.036206757
2090.447550027
2091.221580661
2092.473218110
2094.335917469
2095.138256660
2096.346529979
2097.371606357
2097.951922200
2099.311651265
2100.593745237
2101.135489459
2102.535100215
2103.390454809
2105.372206592
2105.994704339
2107.172362432
2107.617911408
2108.938384889
2109.963143181
2110.822371848
2112.907087523
2113.483966448
2114.396137326
2115.506602795
2116.900056068
2117.722399441
2118.618646217
2119.456428469
2120.691562592
2122.465151175
2123.344042303
2124.370368738
2125.512400029
2125.958784840
2126.975711193
2128.752290554
2129.406080228
2130.555102283
2132.080620993
2132.798516468
2134.154933985
2134.950772504
2136.086897525
2136.967470548
2137.509940526
2139.380759985
2140.949362639
2141.710035960
2142.355043196
2143.374444181
2144.895337431
2145.505753734
2146.625894476
2147.785367346
2149.151849383
2149.910639858
2151.776885116
2152.390226597
2153.011964165
2154.263623952
2154.935345848
2156.394727256
2157.856489565
2158.878072291
2159.902286017
2160.853062328
2161.692172189
2163.107122286
2164.049720356
2165.011437174
2165.503949023
2167.693444255
2168.890615852
2169.263829283
2170.787074973
2171.396361926
2172.250962828
2173.528296969
2174.745020803
2176.204119466
2176.939451699
2178.004209155
2179.232185030
2180.495318259
2181.252367011
2181.725783030
2183.330584017
2184.103190761
2185.965528321
2187.085690959
2187.798455878
2188.558763203
2189.497072903
2191.093363046
2191.778017401
2192.826770540
2194.231530050
2195.231687681
2196.715977667
2197.258747040
2198.687512684
2199.302965321
2200.351020913
2200.915953026
2203.277453731
2203.906364584
2204.997801755
2205.855761246
2207.172161915
2207.802741337
2209.153744400
2210.208014989
2210.850941099
2212.343568400
2213.700256248
2214.949925632
2215.820565691
2216.296375888
2217.469375116
2218.521006913
2219.799815698
2220.852158849
2222.636604588
2223.055057919
2223.777772507
2225.564645117
2226.332734406
2227.246229377
2227.970573882
2229.127958910
2230.898690856
2231.977154074
2232.924853869
2233.720222250
2234.814934531
2235.546662136
2236.773643845
2238.154799519
2239.167743960
2240.021209470
2241.536186524
2242.621180159
2243.373668419
2244.370701700
2245.565286531
2246.016558178
2247.364431251
2249.550198574
2249.770766553
2251.046641942
2251.845318339
2252.678432674
2254.562246994
2254.759079001
2255.824565572
2257.346384683
2258.501847291
2259.517842057
2260.890259417
2261.660064449
2262.674430648
2262.878305381
2264.676399706
2265.768446115
2267.384501068
2267.879175337
2269.226998262
2269.919103217
2271.326282468
2272.049015701
2273.347534053
2273.956289146
2275.068664776
2277.079317757
2278.012628393
2278.525942156
2279.507305841
2280.870719853
2281.356483615
2282.690375138
2284.056011459
2285.222242365
2286.149814141
2287.046158671
2288.578849446
2289.336284710
2290.241458211
2291.097663612
2291.928901252
2293.896145106
2294.687918412
2296.115091188
2296.998522473
2297.372647580
2298.612363366
2299.961577620
2301.234125799
2301.454840352
2303.295481983
2304.305138670
2305.508356789
2306.517733070
2307.355553370
2308.210284635
2309.370358240
2309.931122384
2312.047996450
2313.190914171
2313.689359967
2314.621182114
2316.049454720
2316.962494505
2317.851531864
2318.826035336
2320.088523204
2320.949531629
2322.812632607
2323.534274241
2324.512455232
2325.557096492
2325.903015928
2327.376855820
2328.634875101
2329.705723406
2331.013110290
2331.942707806
2332.987765433
2333.720863374
2335.531712574
2335.867153806
2336.621036786
2337.761730159
2339.615683896
2340.826726707
2341.324596186
2342.654041658
2343.259158955
2344.311216236
2345.570483634
2346.464119530
2347.934254642
2348.843423633
2349.730054258
2351.455046928
2352.195701503
2352.750870075
2353.912135852
2354.951081235
2355.810813978
2357.608315920
2358.904705198
2359.434859076
2360.314285090
2361.342541642
2362.718317923
2363.495617654
2364.751176089
2365.191515064
2367.249219843
2367.957701823
2369.220577767
2370.093390284
2371.100747930
2371.938137795
2372.440347260
2374.444230718
2375.543967037
2376.355463516
2377.755407914
2378.212961680
2379.726502950
2380.545657219
2381.500123710
2382.530830566
2383.356013916
2384.965071641
2386.430937110
2387.299084122
2387.813568556
2388.748207635
2389.955988114
2391.260549872
2391.754982337
2393.630593292
2394.485367856
2395.270169995
2396.603878763
2397.791643762
2398.558311383
2399.433832906
2400.152356522
2401.482998376
2403.418798445
2403.975315149
2404.921593490
2406.253988718
2406.732851182
2407.715910422
2409.441502352
2409.881602683
2411.126193381
2412.222935837
2413.976123195
2414.379879801
2415.576893466
2416.534054628
2417.278087422
2418.229443267
2419.507917163
2421.142943993
2422.152084925
2422.996230123
2423.504146889
2425.124760213
2426.193437542
2426.907064294
2427.640896949
2429.185595990
2430.265812636
2431.611135096
2432.727569299
2433.705896805
2433.916873238
2435.348894365
2436.191600375
2437.794076108
2438.671790794
2439.927127219
2440.826160291
2441.929836550
2443.033560058
2443.775436396
2445.154381015
2445.744952101
2446.398523306
2448.988312286
2449.231032009
2450.503650580
2451.181708310
2452.283365741
2453.257485812
2454.300561842
2455.482288384
2456.514551841
2457.907999090
2458.546799837
2460.013579466
2461.202295375
2461.731628648
2462.464294914
2463.569667295
2464.927816361
2466.183097013
2467.640860784
2468.186816301
2469.336263892
2469.781485032
2471.539297742
2472.336417589
2473.107124735
2474.237849734
2475.539353861
2477.021755096
2478.014854025
2478.397597583
2479.977351981
2480.433606985
2481.356767280
2482.683411519
2484.503238275
2485.087590537
2485.785620712
2487.333836443
2488.113831754
2489.261157452
2490.051090516
2491.105516422
2491.907473934
2493.489295449
2494.866177828
2495.846840420
2496.485336703
2497.648465247
2497.969973967
2499.862042821
2500.564386412
2501.577744672
2503.185227212
2504.008933659
2504.772152511
2506.305351937
2507.151885648
2507.871039580
2508.766046104
2509.652997441
2511.660189787
2512.538220985
2513.579517021
2514.259859060
2515.286482925
