# Genuinely large-height zeros of the Riemann zeta function (Odlyzko band)
# Format: t (s = 1/2 + i t), 2000 zeros, t in [99500.275, 100798.562]
# Source: subset #137300..#139299 of ab-cloud-research/verification/data/
#         zeta_zeros_2M_odlyzko.txt (Andrew Odlyzko official zeros6 table)
99500.275280
99500.894317
99501.598049
99502.005206
99502.924419
99504.036487
99504.413163
99505.175202
99505.907740
99506.293271
99506.782513
99507.638944
99507.791317
99509.310137
99509.484705
99510.195695
99510.566072
99511.170332
99511.971264
99512.888208
99513.459182
99514.300713
99514.778045
99515.491010
99516.274783
99516.764623
99517.484922
99517.721976
99518.183349
99519.094290
99519.952534
99520.368942
99521.226679
99522.303701
99522.597167
99522.979885
99523.949387
99524.627151
99524.944850
99526.047032
99526.338385
99527.076621
99527.592028
99528.333791
99528.977615
99529.434860
99530.080772
99530.669475
99532.146358
99532.585164
99533.168744
99533.630507
99533.997981
99534.942767
99535.446654
99535.958416
99536.778928
99537.335934
99538.102404
99538.547834
99539.519475
99540.130270
99540.723522
99541.592798
99541.955612
99542.542403
99543.589114
99544.252639
99544.438047
99545.475246
99545.718454
99546.387862
99546.643930
99547.698299
99548.754262
99549.213248
99549.953371
99550.580137
99551.361848
99551.900186
99552.440539
99552.833516
99553.529327
99554.335188
99554.942805
99555.873301
99556.158677
99556.936581
99557.165614
99558.419450
99558.896513
99559.669442
99560.357965
99561.205740
99561.670217
99562.094745
99562.539003
99563.488545
99564.184428
99564.412125
99565.065781
99565.882169
99566.760641
99567.768481
99568.183199
99568.786398
99569.317962
99569.674108
99570.574647
99571.501151
99572.039187
99572.366563
99573.222660
99573.662937
99574.305776
99575.241749
99575.380080
99576.467499
99577.304987
99578.051600
99578.466196
99579.296832
99579.724344
99580.501417
99580.819423
99581.261746
99582.196766
99582.696016
99583.843956
99584.263353
99584.627762
99585.727400
99586.204901
99586.935344
99587.701282
99588.229988
99588.622829
99589.394028
99590.473568
99590.805425
99591.196248
99591.738136
99592.552867
99592.961766
99593.837359
99595.038472
99595.679074
99595.974603
99596.675384
99597.350685
99597.825243
99598.415539
99599.134808
99599.691005
99600.596236
99601.099458
99601.429368
99602.411067
99603.271462
99603.810604
99604.306174
99604.803281
99606.175501
99606.426410
99607.133223
99607.757924
99608.316825
99608.526447
99609.423791
99610.204335
99610.640679
99611.257372
99612.372118
99612.930676
99613.853600
99614.296615
99614.707441
99615.524860
99615.952392
99616.608440
99617.372922
99618.048269
99618.759359
99619.348018
99619.842144
99620.285884
99620.950566
99622.262411
99622.684068
99623.432624
99624.082391
99624.504090
99625.257534
99625.896161
99626.527413
99626.933865
99627.522241
99627.984013
99629.089115
99629.916340
99630.421948
99631.045811
99631.801046
99632.499822
99632.907817
99633.455155
99634.492578
99635.078137
99635.652958
99635.973892
99636.817173
99637.396566
99638.124686
99638.355940
99639.574071
99640.059392
99640.974327
99641.934068
99642.235408
99642.898435
99643.070540
99643.869744
99644.458306
99645.272061
99646.090303
99646.593716
99646.871566
99648.082272
99648.382413
99649.441466
99649.957421
99650.504657
99651.091671
99652.065474
99652.542499
99653.254266
99653.682396
99654.450341
99654.909826
99655.397167
99655.943037
99656.881304
99657.878558
99658.916640
99658.947874
99659.516846
99660.228094
99661.156898
99661.655011
99661.962195
99662.669065
99663.457803
99664.225560
99664.823058
99665.247251
99666.200688
99666.436411
99667.316716
99668.246581
99668.972533
99669.626028
99669.994946
99670.769622
99671.275885
99671.890625
99672.556224
99672.724977
99674.099868
99674.267150
99674.986111
99676.021588
99676.795846
99677.433242
99677.813675
99678.361390
99679.023825
99679.570707
99680.598205
99681.252679
99681.837189
99682.041402
99682.722083
99683.344511
99684.377859
99684.774112
99685.686145
99686.541411
99687.057495
99687.670123
99688.432881
99688.926500
99689.143125
99690.228701
99690.525589
99691.088155
99692.152716
99692.762954
99693.364291
99694.167744
99694.646009
99695.372270
99696.020411
99696.738278
99697.585641
99697.873214
99698.603129
99699.073377
99700.021407
99700.524211
99700.920591
99701.608555
99701.920902
99703.549814
99704.185710
99704.408081
99705.355551
99705.831644
99706.404767
99706.670928
99707.856376
99708.139926
99708.968587
99709.499171
99710.343242
99710.910459
99711.143877
99712.592851
99712.799540
99713.625598
99714.130811
99714.867642
99715.855308
99716.368206
99716.809258
99717.156576
99717.844945
99718.489976
99719.132247
99719.933898
99720.772218
99721.444918
99721.988993
99722.990940
99723.393720
99723.890051
99724.625368
99724.894879
99726.037103
99726.442216
99727.229417
99727.791692
99728.370358
99728.875299
99729.664107
99730.171086
99731.174199
99732.188603
99732.630657
99733.092026
99733.570204
99734.314389
99734.988056
99735.514846
99736.248027
99736.493697
99737.498395
99737.953893
99739.098761
99739.820290
99740.296211
99740.624014
99741.437608
99742.148251
99743.019036
99743.279579
99744.231514
99744.808024
99745.132043
99746.016273
99746.233014
99747.152376
99747.817979
99748.695888
99749.398151
99750.270659
99750.742374
99751.172528
99752.057585
99752.607675
99752.929987
99753.199335
99754.652456
99755.200882
99755.648331
99756.335230
99756.730467
99757.916062
99758.378079
99759.216738
99759.601553
99760.327532
99761.111382
99761.836183
99762.087756
99763.138120
99763.262162
99763.927059
99764.576783
99765.179192
99766.204951
99767.066101
99767.853732
99768.189193
99768.776640
99769.271417
99769.996511
99770.727107
99771.311967
99772.099643
99772.528756
99772.941560
99774.121322
99774.567243
99774.989909
99775.760770
99776.753812
99777.068010
99778.386932
99778.678712
99779.154394
99779.743468
99780.310895
99780.902399
99781.734252
99782.120039
99782.709230
99783.822279
99784.368247
99785.052052
99785.771531
99786.484615
99787.145560
99787.450072
99788.004047
99788.899685
99789.708149
99790.243198
99790.851822
99791.373323
99791.896937
99792.308726
99793.276711
99794.484014
99795.002317
99795.277959
99796.251819
99796.797668
99797.479151
99797.904603
99798.497665
99799.039559
99799.716550
99800.499838
99801.208424
99801.860174
99802.511313
99803.372642
99803.833142
99804.417050
99805.041128
99806.087188
99806.583754
99807.043046
99807.798601
99808.260345
99808.738173
99809.581490
99810.336958
99810.600017
99811.312285
99812.624902
99813.342057
99813.730134
99814.426238
99814.685068
99815.393823
99816.066008
99816.817517
99817.302871
99818.267877
99818.711532
99819.247036
99819.732814
99820.938237
99821.317395
99821.915444
99822.903339
99823.505772
99824.002081
99824.579240
99825.513564
99826.059723
99826.336847
99826.874412
99827.467435
99828.263405
99829.370863
99829.838493
99830.812978
99831.017320
99831.771921
99832.711939
99832.943997
99833.629573
99834.515299
99834.637131
99835.824918
99836.373178
99836.853926
99837.300425
99838.088705
99838.746833
99839.502478
99840.474633
99841.099174
99841.714454
99842.358297
99842.829317
99843.157320
99843.992005
99844.603352
99845.420757
99845.763935
99846.649003
99847.100353
99848.287325
99848.730413
99849.682012
99849.778682
99850.436982
99851.095668
99852.175431
99852.925686
99853.148563
99853.473843
99854.438835
99855.114453
99855.375177
99856.169417
99857.120794
99858.042755
99858.611622
99859.075577
99859.880023
99860.468938
99860.970263
99861.424429
99862.239736
99862.634285
99863.508482
99864.249612
99865.012502
99865.411608
99866.104913
99866.555211
99867.880308
99868.239188
99868.720453
99869.679085
99870.087743
99870.683018
99871.430184
99871.971443
99872.622536
99872.960401
99873.532769
99874.594165
99875.450368
99876.222182
99876.909900
99877.169155
99877.856008
99878.677479
99878.863206
99879.711147
99880.630092
99881.317460
99881.561606
99882.113030
99882.989693
99883.524097
99884.573135
99885.004137
99885.458330
99886.683154
99887.120245
99887.949183
99888.308777
99888.707976
99889.591482
99889.833742
99890.541775
99891.590581
99892.105845
99892.594249
99893.615922
99894.468983
99894.742200
99895.401112
99896.040383
99896.850710
99897.301384
99897.884875
99898.781077
99899.326552
99899.990680
99900.384001
99901.008453
99901.489456
99902.490977
99903.579699
99904.262369
99904.624238
99905.208752
99905.568231
99906.659159
99907.115844
99907.556049
99908.171875
99908.794377
99909.729747
99910.290297
99911.052823
99911.588140
99912.605586
99912.809536
99913.478740
99914.419062
99915.011644
99915.671720
99916.323506
99916.851776
99917.269698
99917.787330
99918.825297
99919.049935
99919.980679
99920.978807
99921.419118
99922.225600
99923.167325
99923.421369
99923.861248
99924.379624
99925.007884
99926.093910
99926.602337
99927.193375
99927.829697
99928.308461
99928.978608
99929.839580
99930.686271
99931.070773
99932.091535
99932.391994
99933.283219
99933.884928
99934.267464
99934.901428
99935.585222
99936.167184
99936.712950
99937.120003
99938.778932
99939.180997
99939.468383
99940.388589
99940.896180
99941.379194
99942.272927
99942.845775
99943.626790
99943.854907
99944.850196
99945.188504
99946.169805
99946.557783
99946.999797
99947.886392
99948.857885
99949.671622
99950.149862
99950.689480
99951.488209
99951.797213
99952.440929
99952.983941
99953.619890
99954.481504
99955.121086
99955.830450
99956.204945
99957.240669
99958.069669
99958.442934
99959.099209
99959.609381
99960.223555
99961.337027
99961.627195
99962.527529
99962.861330
99963.386407
99963.656601
99964.872258
99965.382776
99966.433826
99966.985170
99967.806095
99968.367849
99968.682472
99969.437727
99970.247541
99970.555028
99971.101656
99971.985475
99972.755846
99973.217254
99973.862957
99974.839561
99975.150793
99975.939852
99976.440518
99977.565299
99978.185161
99978.797019
99978.958796
99979.684192
99980.490199
99981.217489
99981.520779
99982.009975
99982.996544
99983.559239
99984.817435
99985.389247
99985.732871
99986.303604
99986.956351
99987.686322
99987.995997
99989.028518
99989.626959
99990.208549
99990.966017
99991.166333
99992.019061
99992.566313
99993.673593
99994.258985
99994.994517
99995.272738
99996.500636
99996.781804
99997.458360
99997.935206
99998.510525
99998.903885
99999.700949
100000.743723
100001.180558
100002.093723
100002.517282
100003.352269
100003.902109
100004.840050
100005.070882
100005.514350
100006.821606
100007.166261
100007.557996
100008.386240
100008.939030
100009.631498
100010.182639
100010.515056
100011.879452
100012.645997
100013.275801
100013.747541
100014.310903
100014.908051
100015.262820
100016.107304
100016.990341
100017.377269
100017.879737
100018.678348
100019.397306
100020.312647
100020.810912
100021.392479
100022.004181
100022.692882
100023.561317
100024.089960
100024.900593
100025.204477
100025.908790
100026.319387
100027.152615
100027.463125
100028.384274
100029.305495
100030.231525
100030.506109
100031.197322
100032.059903
100032.486306
100033.076236
100033.601139
100034.137121
100034.886262
100035.919542
100036.605824
100036.677639
100037.236381
100038.173329
100039.099056
100039.557523
100040.444806
100041.216086
100041.555668
100042.078257
100043.042618
100043.503756
100043.875999
100044.530165
100045.300582
100045.712857
100046.808525
100047.363157
100048.347641
100049.073849
100049.356326
100049.702402
100050.445688
100051.496348
100051.941551
100052.745629
100053.032464
100053.873913
100054.256925
100054.957192
100055.780851
100056.470850
100056.876324
100057.992654
100058.806799
100059.347223
100059.683109
100060.482315
100060.819660
100061.491558
100062.188191
100062.700065
100063.612024
100064.205685
100064.922259
100065.575441
100066.143829
100067.190852
100067.430693
100068.252862
100068.791879
100069.548561
100069.986480
100071.041233
100071.425902
100071.788851
100072.726857
100072.892130
100073.466008
100075.069901
100075.524262
100076.221221
100076.551555
100077.332522
100078.010592
100078.580488
100079.048578
100079.581408
100080.593596
100081.051310
100081.608994
100082.394529
100083.168539
100083.618226
100084.370924
100085.195038
100085.618923
100086.418529
100087.459733
100087.699862
100088.432819
100088.647920
100089.230673
100090.296164
100090.584529
100091.512585
100091.850806
100092.955651
100093.816348
100094.333667
100094.922617
100095.578813
100095.818668
100096.642909
100097.200639
100098.357899
100098.719348
100099.093752
100099.834249
100100.647750
100100.888496
100101.784800
100102.743907
100103.486034
100103.994532
100104.727553
100105.265067
100105.657161
100106.679508
100107.173170
100107.475705
100107.954761
100108.829840
100109.917660
100110.267244
100111.425737
100111.566672
100112.256587
100113.027525
100113.617981
100114.472727
100114.869417
100115.561298
100116.163215
100116.928032
100117.416128
100118.053589
100118.384254
100119.269474
100120.175668
100120.765331
100121.872878
100122.261693
100122.869777
100123.373811
100123.821233
100124.467768
100125.271619
100125.663397
100126.886038
100127.154937
100127.648652
100128.251185
100129.512134
100130.049860
100130.466544
100131.027971
100131.750373
100132.813023
100133.157252
100133.872119
100134.267377
100135.005339
100135.400219
100135.964717
100136.863315
100137.451434
100138.740772
100139.027309
100139.732793
100140.300222
100141.101245
100141.284389
100142.365374
100142.613490
100143.423406
100144.001248
100144.700617
100145.694801
100145.871463
100146.465036
100147.360418
100147.778416
100149.175273
100149.531953
100150.064023
100150.606935
100151.470532
100151.780935
100152.405373
100153.150333
100153.801304
100154.106875
100154.957400
100155.985485
100156.685387
100157.304685
100157.723604
100158.796474
100159.008603
100159.300374
100160.413389
100161.220118
100161.803297
100162.281137
100162.789699
100163.214128
100164.090666
100164.882911
100165.464705
100166.498123
100167.007085
100167.508074
100168.493905
100169.011121
100169.524986
100169.759968
100170.416598
100171.299328
100172.032027
100172.584591
100173.401262
100173.913107
100174.681602
100175.532239
100175.841515
100176.615494
100177.407252
100177.977021
100178.608698
100179.223714
100179.698573
100180.563256
100181.053526
100181.521139
100182.100780
100182.763157
100184.064250
100184.832240
100185.276151
100185.811978
100186.117712
100186.912384
100187.679478
100188.308315
100188.741071
100189.510069
100190.137660
100190.911577
100191.345777
100192.086106
100192.936790
100193.571358
100193.985982
100194.917892
100195.704791
100196.240093
100196.773922
100197.306063
100198.080454
100198.468400
100198.793663
100199.770926
100200.760225
100201.379555
100201.746330
100202.884000
100203.438094
100203.962415
100204.502454
100205.174935
100205.532847
100206.393946
100207.385661
100207.746593
100208.321254
100208.918430
100209.411668
100210.078371
100211.164777
100211.841230
100212.354889
100213.420249
100213.798526
100214.001875
100214.982425
100215.424169
100216.264914
100216.481921
100217.454353
100217.794180
100218.773110
100219.633798
100220.447163
100220.846774
100221.127465
100222.081067
100222.700826
100223.453478
100224.259047
100224.645190
100225.220820
100225.609802
100226.629624
100227.122990
100227.652746
100228.152353
100229.509487
100230.040364
100230.774389
100231.179976
100232.046798
100232.333829
100233.078991
100233.458454
100234.055437
100235.245757
100235.667896
100236.134023
100236.961163
100237.532394
100238.150358
100239.231431
100239.692205
100240.251359
100240.877781
100241.490176
100242.468755
100243.071965
100243.215462
100243.973690
100244.346581
100245.293698
100245.674949
100247.140578
100247.453122
100248.191892
100248.938505
100249.150772
100250.211457
100250.416940
100251.083557
100252.203778
100252.293259
100253.151868
100253.963292
100254.140537
100255.184421
100255.764119
100256.408525
100256.923124
100258.038485
100258.797014
100259.375630
100259.586726
100260.245473
100260.866523
100261.490289
100262.263700
100262.695434
100263.433093
100264.129703
100265.010120
100265.738020
100266.426726
100267.107580
100267.307248
100267.906824
100268.983287
100269.519898
100269.930796
100270.893718
100271.523411
100271.855611
100272.268698
100272.961916
100274.023362
100274.852426
100275.497562
100276.311059
100276.379484
100277.441826
100277.991285
100278.457983
100279.100449
100279.710104
100279.947601
100281.183646
100281.972212
100282.384515
100282.860429
100283.922194
100284.363638
100285.155983
100285.561402
100286.564829
100287.045607
100287.804494
100288.064105
100288.968039
100289.380668
100289.988388
100290.735164
100291.217930
100292.047035
100293.186740
100293.749520
100294.376324
100294.833118
100295.413935
100295.882364
100296.384122
100297.562093
100298.022306
100298.587175
100299.285851
100299.538526
100300.644405
100301.423795
100301.699423
100302.711660
100303.183081
100304.129138
100304.508207
100305.463670
100305.861898
100306.220401
100307.054519
100307.431851
100308.111651
100308.828565
100309.686843
100310.702176
100311.151820
100311.689209
100312.141476
100313.228412
100313.723849
100314.125623
100314.596962
100315.627121
100316.289738
100316.705126
100317.494243
100318.150475
100318.293723
100319.173624
100320.267311
100321.096098
100321.638107
100322.029721
100322.814580
100323.360793
100323.887311
100324.480380
100325.258995
100325.502826
100326.668840
100327.113115
100327.599435
100328.871988
100329.294953
100329.970689
100330.406641
100331.022113
100331.636900
100332.746906
100333.272932
100333.696805
100334.282317
100334.655849
100335.598945
100335.977579
100336.829198
100337.774971
100338.213871
100339.155894
100339.999746
100340.400776
100340.632869
100341.464271
100342.184565
100342.486868
100343.323120
100344.084817
100344.747303
100345.561392
100345.742404
100346.584279
100347.565064
100347.888880
100348.795800
100349.528702
100350.096594
100350.567763
100351.125565
100351.946155
100352.628947
100353.164380
100353.356005
100353.958160
100355.199481
100356.212928
100356.555920
100357.244968
100357.864756
100358.319397
100358.922624
100359.737241
100360.279210
100360.941475
100361.626684
100362.266286
100362.782078
100363.400783
100364.060942
100364.880662
100365.725220
100366.008842
100367.093340
100367.725651
100368.235252
100369.114782
100369.224543
100369.793589
100370.302644
100371.374676
100371.938449
100372.530683
100373.274565
100374.094376
100374.661602
100375.701220
100375.918673
100376.365705
100377.230401
100377.735363
100378.659581
100379.350494
100379.727253
100380.328477
100380.812562
100381.673177
100382.081598
100382.868696
100384.308448
100384.716878
100384.883373
100385.719230
100386.258724
100387.051962
100387.625763
100387.913947
100388.862497
100389.385823
100389.887105
100391.012576
100391.562432
100392.205998
100392.804392
100393.257975
100394.215708
100394.885741
100395.689780
100395.928024
100396.730628
100397.336698
100397.979911
100398.208036
100399.216756
100399.645377
100400.376887
100401.484187
100402.151284
100402.581573
100403.580785
100403.798373
100404.526576
100404.832733
100405.581518
100406.325837
100407.400907
100407.637788
100408.241691
100408.780926
100409.348793
100410.551833
100411.127258
100411.609398
100412.250038
100413.164093
100413.750656
100414.270159
100414.832712
100415.476993
100415.912640
100416.671160
100416.918012
100418.274724
100418.679580
100419.715607
100420.147585
100421.050319
100421.121416
100421.939470
100422.641918
100423.425427
100424.092549
100424.441821
100424.977019
100426.153172
100426.346764
100427.011268
100427.613340
100428.273413
100429.443582
100429.978799
100430.808345
100431.416355
100431.651092
100432.007787
100433.182849
100433.551478
100434.106534
100434.755493
100435.698134
100436.133548
100436.908038
100437.752240
100438.387709
100438.870557
100439.710739
100440.052248
100440.687275
100441.767577
100442.229976
100442.871767
100443.248123
100443.840309
100444.466633
100444.907060
100446.202870
100446.794209
100447.602028
100448.007478
100448.723621
100449.450082
100450.029355
100450.575718
100450.814557
100451.643710
100452.547573
100453.264017
100453.707985
100454.194393
100455.315881
100455.680255
100456.226759
100457.208928
100457.962293
100458.400180
100459.221702
100459.781297
100460.047786
100461.005446
100461.277243
100462.254634
100462.723766
100463.105949
100464.104309
100465.406512
100465.810106
100466.185923
100466.699225
100467.401552
100468.019157
100468.645959
100469.508163
100470.058625
100470.739775
100471.047615
100471.919340
100472.383577
100473.298681
100473.838157
100474.637789
100475.611861
100475.907824
100476.671116
100477.253982
100478.027417
100478.477211
100478.706006
100479.584502
100480.042437
100481.121337
100481.854243
100482.438714
100482.897750
100483.788901
100484.601460
100484.934899
100485.630264
100486.174266
100487.010036
100487.487826
100488.304225
100488.923838
100489.505966
100489.696464
100490.472513
100491.326230
100492.337733
100492.945405
100493.802283
100494.111060
100494.848338
100495.301303
100495.736467
100496.563172
100497.405157
100497.781449
100498.333277
100499.233769
100499.814857
100500.549081
100501.427527
100501.980248
100502.427625
100502.794395
100504.368510
100504.607970
100505.016814
100505.710182
100506.322376
100506.715882
100507.613233
100508.160771
100508.581293
100509.822816
100510.458813
100511.108818
100511.837390
100512.249083
100513.012083
100513.411068
100514.019188
100514.686397
100515.403648
100516.205339
100516.800557
100517.339912
100518.005899
100518.243608
100519.550235
100520.062446
100521.063380
100521.452242
100521.830415
100522.747890
100523.295358
100524.134660
100524.323007
100524.881010
100525.534985
100526.362571
100527.058688
100528.124041
100528.661564
100529.156039
100529.848956
100530.311548
100531.105754
100531.633918
100532.325906
100533.158827
100533.824998
100534.134592
100534.471563
100535.585717
100536.276651
100536.578383
100537.580820
100538.260270
100539.247064
100539.890578
100540.065000
100540.817576
100541.386228
100541.785185
100542.478864
100543.373256
100544.102794
100544.574772
100545.009203
100546.211331
100546.869892
100547.164179
100548.025852
100548.575136
100549.304560
100549.843565
100550.679889
100551.255531
100551.700832
100552.587470
100552.761290
100553.492763
100553.917471
100555.323155
100556.168086
100556.426481
100557.194611
100557.623523
100558.317493
100558.974077
100559.731362
100560.130265
100560.495483
100561.603055
100562.196183
100562.804397
100563.575782
100563.886425
100564.823124
100565.576163
100566.103795
100566.908738
100567.635844
100568.284394
100568.753553
100568.946322
100570.039549
100570.465983
100570.956962
100571.758890
100572.570811
100573.318455
100573.951035
100574.988285
100575.370611
100575.898335
100576.329274
100576.743135
100577.920250
100578.573595
100579.183354
100579.533111
100580.370966
100580.660929
100581.478136
100582.330996
100583.150509
100583.614870
100584.614633
100584.946766
100585.822867
100586.296367
100586.717962
100587.405558
100588.200444
100588.375993
100589.202937
100590.089699
100590.916679
100591.595309
100592.127179
100592.659678
100593.321296
100594.209147
100594.610422
100595.594713
100595.795309
100596.484379
100597.288206
100598.024216
100598.273794
100598.912199
100599.703047
100600.159030
100601.743532
100602.032585
100602.598659
100603.062476
100603.850824
100604.408532
100604.912770
100605.357676
100606.340327
100606.997581
100607.640082
100608.068610
100608.757851
100609.694480
100610.576251
100610.830752
100611.357601
100612.401649
100612.781847
100613.659514
100614.463282
100614.820562
100615.061251
100615.805030
100616.288231
100617.574787
100617.706336
100618.779780
100619.695478
100620.079022
100620.636908
100621.490106
100621.920998
100622.367835
100623.097031
100623.829818
100624.499063
100625.105923
100625.888969
100626.240965
100626.944969
100627.764704
100628.202217
100629.264042
100630.081033
100630.590179
100631.058594
100631.505576
100632.222498
100632.971069
100633.577100
100633.968681
100634.679022
100635.138987
100636.544621
100636.880223
100637.804136
100638.209439
100638.790567
100639.307091
100640.103777
100640.686138
100641.709166
100641.972830
100642.506562
100643.389819
100643.718683
100644.466743
100644.880391
100646.193891
100646.760868
100647.183413
100648.072443
100648.839646
100649.395492
100649.722612
100650.270182
100650.960730
100651.417020
100652.380555
100653.159591
100653.792579
100654.121014
100654.990906
100655.795112
100656.506431
100657.182727
100657.306546
100658.421311
100658.956279
100659.824944
100660.074050
100660.636361
100661.585433
100661.921893
100662.348551
100663.180944
100664.532435
100664.865433
100665.796212
100666.222405
100666.617985
100667.066438
100668.175213
100668.521159
100669.165901
100670.031771
100670.416972
100670.986810
100671.901840
100672.619747
100673.303852
100673.526383
100674.549470
100675.305924
100676.086182
100676.610545
100677.012285
100677.758212
100678.437622
100678.607062
100679.483041
100680.103632
100680.834050
100681.731139
100682.322861
100683.208208
100683.737977
100684.171705
100685.026592
100685.566236
100685.947721
100686.532335
100687.718062
100688.331857
100688.684206
100689.141944
100689.660096
100690.592359
100691.325799
100692.318367
100692.785673
100693.557509
100693.947707
100694.659979
100695.404391
100695.836693
100696.448886
100696.792995
100697.668284
100698.536760
100698.909966
100699.951363
100700.647597
100701.189055
100701.808248
100702.275599
100702.888804
100704.041271
100704.500109
100704.876982
100705.645655
100706.076216
100706.756989
100707.556981
100708.040037
100708.566005
100709.515634
100710.547413
100711.138421
100711.679222
100712.193856
100712.819963
100713.129160
100713.889056
100714.719824
100715.521814
100715.591498
100716.891070
100717.158789
100717.751033
100718.651894
100719.388272
100720.216179
100720.383186
100721.243053
100722.149552
100722.436067
100723.271339
100723.810473
100724.442429
100724.696888
100725.329052
100726.120887
100727.402776
100727.984346
100728.542203
100728.743342
100730.062497
100730.328574
100730.777675
100731.475552
100732.197318
100732.945248
100733.352540
100734.246904
100734.824338
100735.240512
100735.951207
100736.868968
100737.346973
100738.263940
100739.013913
100739.693035
100740.029089
100740.713547
100741.161372
100741.639094
100742.742471
100742.959090
100743.867249
100744.338683
100745.141664
100746.381409
100746.708950
100747.096094
100747.937427
100748.220063
100749.020593
100750.033279
100750.393417
100751.235424
100751.523723
100752.201329
100752.717825
100753.450692
100754.206330
100754.955012
100755.964420
100756.519651
100757.010283
100757.443573
100758.445962
100758.778822
100759.507265
100759.957043
100760.233083
100761.548785
100762.254053
100762.530216
100763.440056
100764.156684
100764.549283
100765.328618
100766.364450
100766.656487
100767.250931
100767.925239
100768.704654
100769.160354
100769.881728
100770.283171
100770.845869
100771.509943
100772.510431
100773.325021
100774.077625
100774.794209
100775.053800
100775.723523
100776.156699
100777.078180
100777.355345
100778.476935
100779.056104
100779.461446
100779.966217
100780.744583
100781.651091
100782.437256
100782.690778
100783.558746
100784.164044
100785.145342
100785.795306
100786.043266
100786.684727
100786.995151
100788.140793
100788.320042
100789.008427
100790.171155
100790.600647
100791.660879
100791.884830
100792.781251
100793.301872
100793.855483
100794.455343
100795.177974
100795.839002
100796.405381
100797.181912
100797.665698
100798.561956
