# Low-height reference zeros of the Riemann zeta function (control band)
# Format: t (where s = 1/2 + i t), first 600 zeros, ascending
# Source: ab-cloud-research/verification/data/zeta_zeros_50000.txt
# (generated 2026-06-28 via Generate_Zeta_Zeros_PythonCall.jl; consistent
#  with the Andrew Odlyzko official tables)
14.134725141734695
21.022039638771556
25.010857580145689
30.424876125859512
32.935061587739192
37.586178158825675
40.918719012147498
43.327073280915002
48.005150881167161
49.773832477672300
52.970321477714464
56.446247697063392
59.347044002602352
60.831778524609810
65.112544048081602
67.079810529494168
69.546401711173985
72.067157674481905
75.704690699083926
77.144840068874799
79.337375020249368
82.910380854086029
84.735492980517051
87.425274613125225
88.809111207634459
92.491899270558491
94.651344040519888
95.870634228245308
98.831194218193687
101.317851005731384
103.725538040478341
105.446623052326089
107.168611184276401
111.029535543169672
111.874659176992637
114.320220915452708
116.226680320857554
118.790782865976212
121.370125002420650
122.946829293552582
124.256818554345770
127.516683879596499
129.578704199956064
131.087688530932667
133.497737202997598
134.756509753373876
138.116042054533438
139.736208952121387
141.123707404021133
143.111845807620625
146.000982486765508
147.422765342559615
150.053520420784878
150.925257612241467
153.024693811198887
156.112909294237880
157.597591817594065
158.849988171420506
161.188964137596031
163.030709687181997
165.537069187900414
167.184439978174510
169.094515415568821
169.911976479411692
173.411536519591550
174.754191523365733
176.441434297710430
178.377407776099972
179.916484020257002
182.207078484366463
184.874467848387496
185.598783677707473
187.228922583501856
189.416158656016933
192.026656360713787
193.079726603845700
195.265396679529232
196.876481840958320
198.015309676251917
201.264751943703800
202.493594514140540
204.189671803104545
205.394697202163286
207.906258887806217
209.576509716856265
211.690862595365303
213.347919359712677
214.547044783491430
216.169538508263713
219.067596349021386
220.714918839314009
221.430705554693333
224.007000254604321
224.983324669582288
227.421444279679292
229.337413305525359
231.250188700499166
231.987235253180245
233.693404178908310
236.524229665816193
237.769820480925205
239.555477573327636
241.049157796216576
242.823271934222589
244.070898497078161
247.136990074897511
248.101990060148466
249.573689644707201
251.014947795016013
253.069986747999479
255.306256454914035
256.380713694434462
258.610439491531395
259.874406989677993
260.805084504596891
263.573893904870147
265.557851838876331
266.614973781501078
267.921915082824057
269.970449023997617
271.494055641644991
273.459609188403306
275.587492649343858
276.452049503132912
278.250743529841941
279.229250927745170
282.465114765052078
283.211185733233890
284.835963980904751
286.667445363002912
287.911920501422173
289.579854929218811
291.846291329067412
293.558434139356280
294.965369619265516
295.573254878958267
297.979277061943435
299.840326053721299
301.649325462194156
302.696749589606895
304.864371340857303
305.728912602036814
307.219496128170078
310.109463146701898
311.165141530355982
312.427801180600909
313.985285731158910
315.475616089475750
317.734805942370201
318.853104256316612
321.160134309113573
322.144558672482958
323.466969557512073
324.862866051739616
327.443901261905467
329.033071680480930
329.953239728233882
331.474467582663408
333.645378524869841
334.211354833244400
336.841850428390671
338.339992850806595
339.858216725363548
341.042261111046571
342.054877510363610
344.661702940252326
346.347870566009931
347.272677584420478
349.316260870696169
350.408419349192116
351.878649025359266
353.488900488718798
356.017574977264928
357.151302252039613
357.952685101632255
359.743754953114433
361.289361695804644
363.331330578973848
364.736024114088991
366.212710288331323
367.993575481740322
368.968438095734371
370.050919212106010
373.061928372112845
373.864873910908557
375.825912766739350
376.324092230668043
378.436680249965491
379.872975346532371
381.484468617186508
383.443529449536470
384.956116814863663
385.861300845974256
387.222890222388003
388.846128354232235
391.456083563638060
392.245083339519113
393.427743844434019
395.582870010993702
396.381854222592210
397.918736209614224
399.985119876194915
401.839228600533204
402.861917763886140
404.236441800208013
405.134387459909931
407.581460386896197
408.947245502351109
410.513869193366645
411.972267804278772
413.262736070185042
415.018809755155132
415.455214996294615
418.387705789534778
419.861364818152310
420.643827625041808
422.076710058826734
423.716579627481792
425.069882494461353
427.208825084074590
428.127914076616662
430.328745430938625
431.301306930703618
432.138641734588589
433.889218480927241
436.161006432646957
437.581698167668605
438.621738656272214
439.918442214370657
441.683199201189041
442.904546302609447
444.319336277559159
446.860622696429516
447.441704194493298
449.148545685023294
450.126945780313520
451.403308445388802
453.986737806677922
454.974683768616785
456.328426689246044
457.903893064102988
459.513415281106006
460.087944422175838
462.065367274882533
464.057286910548271
465.671539211371112
466.570286930826228
467.439046210261665
469.536004559112030
470.773655478101659
472.799174661908808
473.835232345139673
475.600339369375774
476.769015237484496
478.075263766670957
478.942181534634813
481.830339376286588
482.834782790982388
483.851427212482520
485.539148129356022
486.528718261651250
488.380567090017450
489.661761577956156
491.398821593663001
493.314441581785275
493.957997805369473
495.358828822131272
496.429696215759122
498.580782429686565
500.309084941690514
501.604446965145485
502.276270327118254
504.499773313427738
505.415231742244430
506.464152709523546
508.800700336467798
510.264227943672836
511.562289700374606
512.623144531407434
513.668985555473682
515.435057167299419
517.589668572467417
518.234223147550097
520.106310411723257
521.525193449492008
522.456696177730237
523.960530892015868
525.077385687279616
527.903641601272398
528.406213852292694
529.806226318706877
530.866917883961037
532.688183028293679
533.779630753768743
535.664314075873222
537.069759083122335
538.428526176247942
540.213166376228173
540.631390247295144
541.847437121201324
544.323890101005304
545.636833248934863
547.010912058122244
547.931613364489294
549.497567562661402
550.970010039483896
552.049572200564853
553.764972119158870
555.792020561682534
556.899476406855342
557.564659172058555
559.316237028682167
560.240807497295691
562.559207616045796
564.160879110786141
564.506055938149871
566.698787682807961
567.731757901176934
568.923955179629388
570.051114782463628
572.419984132452782
573.614610526758156
575.093886014494842
575.807247140928780
577.039003472098216
579.098834672036560
580.136959362384573
581.946576265901626
583.236088219167300
584.561705903465509
585.984563204988262
586.742771891250186
588.139663266247908
590.660397516765329
591.725858065048101
592.571358300225597
593.974714682231024
595.728153697388962
596.362768328393713
598.493077346164796
599.545640364364885
601.602136735932618
602.579167886387381
603.625618903579152
604.616218493753195
606.383460422109010
608.413217311187282
609.389575154720092
610.839162937739388
611.774209620887177
613.599778675637140
614.646237872232632
615.538563369407029
618.112831366442379
619.184482597953661
620.272893672227497
621.709294527948600
622.375002739779006
624.269900018177850
626.019283427654386
627.268396850783006
628.325862359460416
630.473887438292081
630.805780927197588
632.225141167115908
633.546858252251809
635.523800310605452
637.397193159837343
637.925513980822529
638.927938266856813
640.694794668825693
641.945499665705256
643.278883781397894
644.990578229748053
646.348191595501589
647.761753004288835
648.786400888782396
650.197519345256410
650.668683891395972
653.649571605394726
654.301920586319397
655.709463022355635
656.964084599460648
658.175614418605392
659.663845972964054
660.716732595279268
662.296586431100422
664.244604652272983
665.342763095599025
666.515147704172932
667.148494894555483
668.975848820235115
670.323585205862628
672.458183584169774
673.043578286147635
674.355897810123224
676.139674363626796
677.230180668763978
677.800444746221388
679.742197882528217
681.894991533151938
682.602735019750526
684.013549813869531
684.972629862098415
686.163223587727998
687.961543184703601
689.368941362272381
690.474735032350395
692.451684415520845
693.176970060601775
694.533908699873109
695.726335920926772
696.626069900345669
699.132095476013546
700.296739132143443
701.301742954646102
702.227343145760528
704.033839295525354
705.125813954619275
706.184654799517944
708.269070885109954
709.229588570284250
711.130274179685443
711.900289914375321
712.749383470101293
714.082771820669450
716.112396454052146
717.482569703100239
718.742786545485842
719.697100988365719
721.351162218536388
722.277504975674219
723.845821045128446
724.562613890379112
727.056403230049341
728.405481588934094
728.758749795614222
730.416482122756406
731.417354918598562
732.818052714499800
734.789643252378028
735.765459208578363
737.052928912265315
738.580421171373814
739.909523674041907
740.573807447295053
741.757335572941656
743.895013142473658
745.344989550611899
746.499305899432329
747.674563624269581
748.242754465084545
750.655950362124258
750.966381066650797
752.887621567202359
754.322370471712702
755.839308976037842
756.768248439950980
758.101729246412560
758.900238224892405
760.282366983512020
762.700033249691046
763.593066172837212
764.307522724180217
766.087540099836247
767.218472155539530
768.281461806509242
769.693407252624411
771.070839313678334
772.961617565757024
774.117744627940510
775.047847096580540
775.999711963171421
777.299748529592534
779.157076949188991
780.348925004181638
782.137664390812120
782.597943946073542
784.288822612465538
785.739089700714999
786.461147450506246
787.468463815910013
790.059092364119579
790.831620467921084
792.427707608604578
792.888652562622610
794.483791869893139
795.606596156162368
797.263470038035621
798.707570166296250
799.654336210897668
801.604246462982019
802.541984878418134
803.243096204270159
804.762239112661746
805.861635667094788
808.151814935993798
809.197783363300687
810.081804886407099
811.184358846506257
812.771108389109372
814.045913607511011
814.870539625872539
816.727737714394721
818.380668866361702
819.204642170823831
820.721898443869236
821.713454133379400
822.197757493404310
824.526293871629719
826.039287376574407
826.905810954080721
828.340174300489934
829.437010968309323
830.895884053317445
831.799777659070628
833.003640909154228
834.651915147825548
836.693576187591816
837.347335059531474
838.249021992732196
839.465394810282419
841.036389829013387
842.041354206526421
844.166196607350798
844.805993975763727
846.194769927693983
847.971717639512008
848.489281180943522
849.862274348697838
850.645448466004041
853.163112583389193
854.095511719869023
855.286710244404958
856.484117490791618
857.310740602603801
858.904026466475671
860.410670896014722
861.171098212715378
863.189719771908926
864.340823930069519
865.594664326515954
866.423739904042691
867.693122611785043
868.670494229131577
870.846902325754058
872.188750821613212
873.098978971282008
873.908389235337495
875.985285108780317
876.600825833027443
877.654698341033509
879.380951969790999
880.834648847939434
882.386696627196443
883.430331838701591
884.198743114594777
885.272304479617105
886.852801962916260
888.475566673817184
889.735294294090750
890.813132112528024
892.386433260155854
893.119117567294211
894.886292320868733
895.397919674782997
896.632251556202732
899.221522668383386
899.858884607937512
900.849739860521368
902.243207586752305
903.099674442630430
904.702902722281351
905.829940758222165
907.656729468967569
908.333543645060900
910.186334057179806
911.234951485955548
912.331045600035623
912.823999246743369
914.730096958375611
916.355000808642785
917.825377570426781
918.836535243529056
919.448344439682273
921.156395507154798
922.500629306636824
923.285719802422250
924.773483933476655
926.551552784603018
927.850858985753575
928.663659328934841
929.874092850647799
931.009211336628027
931.852740745520123
934.385306837258440
934.995424863846438
936.228649379282956
937.532925711970393
939.024300899218360
